x y z
0 0 1
1 0 1
2 0 1
3 0 6
4 0 6
5 0 1
6 0 1
7 0 1
8 0 6
9 0 6
10 0 1
11 0 1
12 0 1
13 0 6
14 0 6
15 0 1
16 0 1
17 0 1
18 0 6
19 0 6
20 0 0
21 0 0
22 0 0
23 0 1
24 0 1
25 0 1
26 0 6
27 0 6
28 0 1
29 0 1
30 0 1
31 0 6
32 0 6
33 0 1
34 0 1
35 0 1
36 0 6
37 0 6
38 0 1
39 0 1
40 0 1
41 0 6
42 0 6
43 0 6
44 0 6
45 0 6
46 0 6
47 0 6
48 0 6
49 0 6
50 0 6

0 1 7
1 1 7
2 1 7
3 1 42
4 1 42
5 1 7
6 1 7
7 1 7
8 1 42
9 1 42
10 1 7
11 1 7
12 1 7
13 1 42
14 1 42
15 1 7
16 1 7
17 1 7
18 1 42
19 1 42
20 1 6
21 1 6
22 1 6
23 1 6
24 1 6
25 1 6
26 1 36
27 1 36
28 1 6
29 1 6
30 1 6
31 1 36
32 1 36
33 1 6
34 1 6
35 1 6
36 1 36
37 1 36
38 1 6
39 1 6
40 1 6
41 1 36
42 1 36
43 1 42
44 1 42
45 1 42
46 1 36
47 1 36
48 1 36
49 1 36
50 1 36

0 2 36
1 2 36
2 2 36
3 2 60
4 2 60
5 2 36
6 2 36
7 2 36
8 2 60
9 2 60
10 2 36
11 2 36
12 2 36
13 2 60
14 2 60
15 2 36
16 2 36
17 2 36
18 2 60
19 2 60
20 2 36
21 2 36
22 2 36
23 2 36
24 2 36
25 2 36
26 2 60
27 2 60
28 2 36
29 2 36
30 2 36
31 2 60
32 2 60
33 2 36
34 2 36
35 2 36
36 2 60
37 2 60
38 2 36
39 2 36
40 2 36
41 2 60
42 2 60
43 2 60
44 2 60
45 2 60
46 2 60
47 2 60
48 2 60
49 2 60
50 2 60

0 3 60
1 3 60
2 3 60
3 3 60
4 3 60
5 3 60
6 3 60
7 3 60
8 3 60
9 3 60
10 3 60
11 3 60
12 3 60
13 3 60
14 3 60
15 3 60
16 3 60
17 3 60
18 3 60
19 3 60
20 3 60
21 3 60
22 3 60
23 3 60
24 3 60
25 3 60
26 3 60
27 3 60
28 3 60
29 3 60
30 3 60
31 3 60
32 3 60
33 3 60
34 3 60
35 3 60
36 3 60
37 3 60
38 3 60
39 3 60
40 3 60
41 3 60
42 3 60
43 3 36
44 3 36
45 3 36
46 3 36
47 3 36
48 3 36
49 3 36
50 3 60

0 4 60
1 4 60
2 4 60
3 4 60
4 4 60
5 4 60
6 4 60
7 4 60
8 4 60
9 4 60
10 4 60
11 4 60
12 4 60
13 4 60
14 4 60
15 4 60
16 4 60
17 4 60
18 4 60
19 4 60
20 4 60
21 4 60
22 4 60
23 4 60
24 4 60
25 4 60
26 4 60
27 4 60
28 4 60
29 4 60
30 4 60
31 4 60
32 4 60
33 4 60
34 4 60
35 4 60
36 4 60
37 4 60
38 4 60
39 4 60
40 4 60
41 4 60
42 4 60
43 4 60
44 4 60
45 4 60
46 4 60
47 4 60
48 4 60
49 4 60
50 4 60

0 5 60
1 5 60
2 5 60
3 5 60
4 5 60
5 5 60
6 5 60
7 5 60
8 5 60
9 5 60
10 5 60
11 5 60
12 5 60
13 5 60
14 5 60
15 5 60
16 5 60
17 5 60
18 5 60
19 5 60
20 5 60
21 5 60
22 5 60
23 5 60
24 5 60
25 5 60
26 5 60
27 5 60
28 5 60
29 5 60
30 5 60
31 5 60
32 5 60
33 5 60
34 5 60
35 5 60
36 5 60
37 5 60
38 5 60
39 5 60
40 5 60
41 5 60
42 5 60
43 5 60
44 5 60
45 5 60
46 5 60
47 5 60
48 5 60
49 5 60
50 5 60

0 6 60
1 6 60
2 6 60
3 6 60
4 6 60
5 6 60
6 6 60
7 6 60
8 6 60
9 6 60
10 6 60
11 6 60
12 6 60
13 6 60
14 6 60
15 6 60
16 6 60
17 6 60
18 6 60
19 6 60
20 6 60
21 6 60
22 6 60
23 6 60
24 6 60
25 6 60
26 6 60
27 6 60
28 6 60
29 6 60
30 6 60
31 6 60
32 6 60
33 6 60
34 6 60
35 6 60
36 6 60
37 6 60
38 6 60
39 6 60
40 6 60
41 6 60
42 6 60
43 6 60
44 6 60
45 6 60
46 6 60
47 6 60
48 6 60
49 6 60
50 6 60

0 7 60
1 7 60
2 7 60
3 7 60
4 7 60
5 7 60
6 7 60
7 7 60
8 7 60
9 7 60
10 7 60
11 7 60
12 7 60
13 7 60
14 7 60
15 7 60
16 7 60
17 7 60
18 7 60
19 7 60
20 7 60
21 7 60
22 7 60
23 7 60
24 7 60
25 7 60
26 7 60
27 7 60
28 7 60
29 7 60
30 7 60
31 7 60
32 7 60
33 7 60
34 7 60
35 7 60
36 7 60
37 7 60
38 7 60
39 7 60
40 7 60
41 7 60
42 7 60
43 7 60
44 7 60
45 7 60
46 7 60
47 7 60
48 7 60
49 7 60
50 7 60

0 8 60
1 8 60
2 8 60
3 8 60
4 8 60
5 8 60
6 8 60
7 8 60
8 8 60
9 8 60
10 8 60
11 8 60
12 8 60
13 8 60
14 8 60
15 8 60
16 8 60
17 8 60
18 8 60
19 8 60
20 8 60
21 8 60
22 8 60
23 8 60
24 8 60
25 8 60
26 8 60
27 8 60
28 8 60
29 8 60
30 8 60
31 8 60
32 8 60
33 8 60
34 8 60
35 8 60
36 8 60
37 8 60
38 8 60
39 8 60
40 8 60
41 8 60
42 8 60
43 8 60
44 8 60
45 8 60
46 8 60
47 8 60
48 8 60
49 8 60
50 8 60

0 9 60
1 9 60
2 9 60
3 9 60
4 9 60
5 9 60
6 9 60
7 9 60
8 9 60
9 9 60
10 9 60
11 9 60
12 9 60
13 9 60
14 9 60
15 9 60
16 9 60
17 9 60
18 9 60
19 9 60
20 9 60
21 9 60
22 9 60
23 9 60
24 9 60
25 9 60
26 9 60
27 9 60
28 9 60
29 9 60
30 9 60
31 9 60
32 9 60
33 9 60
34 9 60
35 9 60
36 9 60
37 9 60
38 9 60
39 9 60
40 9 60
41 9 60
42 9 60
43 9 60
44 9 60
45 9 60
46 9 60
47 9 60
48 9 60
49 9 60
50 9 60

0 10 60
1 10 60
2 10 60
3 10 60
4 10 60
5 10 60
6 10 60
7 10 60
8 10 60
9 10 60
10 10 60
11 10 60
12 10 60
13 10 60
14 10 60
15 10 60
16 10 60
17 10 60
18 10 60
19 10 60
20 10 60
21 10 60
22 10 60
23 10 60
24 10 60
25 10 60
26 10 60
27 10 60
28 10 60
29 10 60
30 10 60
31 10 60
32 10 60
33 10 60
34 10 60
35 10 60
36 10 60
37 10 60
38 10 60
39 10 60
40 10 60
41 10 60
42 10 60
43 10 60
44 10 60
45 10 60
46 10 60
47 10 60
48 10 60
49 10 60
50 10 60

0 11 60
1 11 60
2 11 60
3 11 60
4 11 60
5 11 60
6 11 60
7 11 60
8 11 60
9 11 60
10 11 60
11 11 60
12 11 60
13 11 60
14 11 60
15 11 60
16 11 60
17 11 60
18 11 60
19 11 60
20 11 60
21 11 60
22 11 60
23 11 60
24 11 60
25 11 60
26 11 60
27 11 60
28 11 60
29 11 60
30 11 60
31 11 60
32 11 60
33 11 60
34 11 60
35 11 60
36 11 60
37 11 60
38 11 60
39 11 60
40 11 60
41 11 60
42 11 60
43 11 60
44 11 60
45 11 60
46 11 60
47 11 60
48 11 60
49 11 60
50 11 60

0 12 60
1 12 60
2 12 60
3 12 60
4 12 60
5 12 60
6 12 60
7 12 60
8 12 60
9 12 60
10 12 60
11 12 60
12 12 60
13 12 60
14 12 60
15 12 60
16 12 60
17 12 60
18 12 60
19 12 60
20 12 60
21 12 60
22 12 60
23 12 60
24 12 60
25 12 60
26 12 60
27 12 60
28 12 60
29 12 60
30 12 60
31 12 60
32 12 60
33 12 60
34 12 60
35 12 60
36 12 60
37 12 60
38 12 60
39 12 60
40 12 60
41 12 60
42 12 60
43 12 60
44 12 60
45 12 60
46 12 60
47 12 60
48 12 60
49 12 60
50 12 60

0 13 60
1 13 60
2 13 60
3 13 60
4 13 60
5 13 60
6 13 60
7 13 60
8 13 60
9 13 60
10 13 60
11 13 60
12 13 60
13 13 60
14 13 60
15 13 60
16 13 60
17 13 60
18 13 60
19 13 60
20 13 60
21 13 60
22 13 60
23 13 60
24 13 60
25 13 60
26 13 60
27 13 60
28 13 60
29 13 60
30 13 60
31 13 60
32 13 60
33 13 60
34 13 60
35 13 60
36 13 60
37 13 60
38 13 60
39 13 60
40 13 60
41 13 60
42 13 60
43 13 60
44 13 60
45 13 60
46 13 60
47 13 60
48 13 60
49 13 60
50 13 60

0 14 60
1 14 60
2 14 60
3 14 60
4 14 60
5 14 60
6 14 60
7 14 60
8 14 60
9 14 60
10 14 60
11 14 60
12 14 60
13 14 60
14 14 60
15 14 60
16 14 60
17 14 60
18 14 60
19 14 60
20 14 60
21 14 60
22 14 60
23 14 60
24 14 60
25 14 60
26 14 60
27 14 60
28 14 60
29 14 60
30 14 60
31 14 60
32 14 60
33 14 60
34 14 60
35 14 60
36 14 60
37 14 60
38 14 60
39 14 60
40 14 60
41 14 60
42 14 60
43 14 60
44 14 60
45 14 60
46 14 60
47 14 60
48 14 60
49 14 60
50 14 60

0 15 60
1 15 60
2 15 60
3 15 60
4 15 60
5 15 60
6 15 60
7 15 60
8 15 60
9 15 60
10 15 60
11 15 60
12 15 60
13 15 60
14 15 60
15 15 60
16 15 60
17 15 60
18 15 60
19 15 60
20 15 60
21 15 60
22 15 60
23 15 60
24 15 60
25 15 60
26 15 60
27 15 60
28 15 60
29 15 60
30 15 60
31 15 60
32 15 60
33 15 60
34 15 60
35 15 60
36 15 60
37 15 60
38 15 60
39 15 60
40 15 60
41 15 60
42 15 60
43 15 60
44 15 60
45 15 60
46 15 60
47 15 60
48 15 60
49 15 60
50 15 60

