x y z
0 0 1
1 0 1
2 0 1
3 0 1
4 0 2
5 0 2
6 0 2
7 0 4
8 0 4
9 0 2
10 0 2
11 0 4
12 0 3
13 0 4
14 0 4
15 0 3
16 0 2
17 0 4
18 0 4
19 0 4
20 0 4
21 0 4
22 0 4
23 0 4
24 0 4
25 0 2
26 0 4
27 0 4
28 0 8
29 0 12
30 0 8
31 0 4
32 0 8
33 0 12
34 0 12
35 0 12
36 0 8
37 0 12
38 0 8
39 0 16
40 0 24
41 0 12
42 0 12
43 0 16
44 0 24
45 0 28
46 0 24
47 0 16
48 0 28
49 0 16
50 0 20000
0 1 24
1 1 12
2 1 16
3 1 8
4 1 36
5 1 28
6 1 12
7 1 44
8 1 36
9 1 56
10 1 56
11 1 68
12 1 68
13 1 68
14 1 20
15 1 68
16 1 48
17 1 68
18 1 68
19 1 68
20 1 68
21 1 68
22 1 72
23 1 68
24 1 68
25 1 68
26 1 72
27 1 68
28 1 96
29 1 112
30 1 96
31 1 68
32 1 100
33 1 112
34 1 116
35 1 112
36 1 100
37 1 112
38 1 100
39 1 120
40 1 128
41 1 116
42 1 112
43 1 124
44 1 128
45 1 128
46 1 128
47 1 128
48 1 124
49 1 124
50 1 20000
0 2 128
1 2 112
2 2 124
3 2 100
4 2 128
5 2 128
6 2 128
7 2 128
8 2 128
9 2 128
10 2 128
11 2 128
12 2 128
13 2 128
14 2 128
15 2 128
16 2 128
17 2 128
18 2 128
19 2 128
20 2 128
21 2 128
22 2 128
23 2 128
24 2 128
25 2 128
26 2 128
27 2 128
28 2 128
29 2 128
30 2 128
31 2 128
32 2 128
33 2 128
34 2 128
35 2 128
36 2 128
37 2 128
38 2 128
39 2 128
40 2 128
41 2 128
42 2 128
43 2 128
44 2 128
45 2 128
46 2 128
47 2 128
48 2 20000
49 2 20000
50 2 20000
0 3 128
1 3 128
2 3 128
3 3 128
4 3 128
5 3 128
6 3 128
7 3 128
8 3 128
9 3 128
10 3 128
11 3 128
12 3 128
13 3 128
14 3 128
15 3 128
16 3 128
17 3 128
18 3 128
19 3 128
20 3 128
21 3 128
22 3 128
23 3 128
24 3 128
25 3 128
26 3 128
27 3 128
28 3 128
29 3 128
30 3 128
31 3 128
32 3 128
33 3 128
34 3 128
35 3 128
36 3 128
37 3 128
38 3 128
39 3 128
40 3 128
41 3 128
42 3 128
43 3 128
44 3 128
45 3 128
46 3 128
47 3 128
48 3 128
49 3 128
50 3 20000
0 4 128
1 4 128
2 4 128
3 4 128
4 4 128
5 4 128
6 4 128
7 4 128
8 4 128
9 4 128
10 4 128
11 4 128
12 4 128
13 4 128
14 4 128
15 4 128
16 4 128
17 4 128
18 4 128
19 4 128
20 4 128
21 4 128
22 4 128
23 4 128
24 4 128
25 4 128
26 4 128
27 4 128
28 4 128
29 4 128
30 4 128
31 4 128
32 4 128
33 4 128
34 4 128
35 4 128
36 4 128
37 4 128
38 4 128
39 4 128
40 4 128
41 4 128
42 4 128
43 4 128
44 4 128
45 4 128
46 4 128
47 4 128
48 4 128
49 4 128
50 4 128
0 5 128
1 5 128
2 5 128
3 5 128
4 5 128
5 5 128
6 5 128
7 5 128
8 5 128
9 5 128
10 5 128
11 5 128
12 5 128
13 5 128
14 5 128
15 5 128
16 5 128
17 5 128
18 5 128
19 5 128
20 5 128
21 5 128
22 5 128
23 5 128
24 5 128
25 5 128
26 5 128
27 5 128
28 5 128
29 5 128
30 5 128
31 5 128
32 5 128
33 5 128
34 5 128
35 5 128
36 5 128
37 5 128
38 5 128
39 5 128
40 5 128
41 5 128
42 5 128
43 5 128
44 5 128
45 5 128
46 5 128
47 5 128
48 5 128
49 5 20000
50 5 20000
0 6 128
1 6 128
2 6 128
3 6 128
4 6 128
5 6 128
6 6 128
7 6 128
8 6 128
9 6 128
10 6 128
11 6 128
12 6 128
13 6 128
14 6 128
15 6 128
16 6 128
17 6 128
18 6 128
19 6 128
20 6 128
21 6 128
22 6 128
23 6 128
24 6 128
25 6 128
26 6 128
27 6 128
28 6 128
29 6 128
30 6 128
31 6 128
32 6 128
33 6 128
34 6 128
35 6 128
36 6 128
37 6 128
38 6 128
39 6 128
40 6 128
41 6 128
42 6 128
43 6 128
44 6 128
45 6 128
46 6 128
47 6 128
48 6 128
49 6 128
50 6 128
0 7 128
1 7 128
2 7 128
3 7 128
4 7 128
5 7 128
6 7 128
7 7 128
8 7 128
9 7 128
10 7 128
11 7 128
12 7 128
13 7 128
14 7 128
15 7 128
16 7 128
17 7 128
18 7 128
19 7 128
20 7 128
21 7 128
22 7 128
23 7 128
24 7 128
25 7 128
26 7 128
27 7 128
28 7 128
29 7 128
30 7 128
31 7 128
32 7 128
33 7 128
34 7 128
35 7 128
36 7 128
37 7 128
38 7 128
39 7 128
40 7 128
41 7 128
42 7 128
43 7 128
44 7 128
45 7 128
46 7 128
47 7 128
48 7 128
49 7 128
50 7 128
0 8 128
1 8 128
2 8 128
3 8 128
4 8 128
5 8 128
6 8 128
7 8 128
8 8 128
9 8 128
10 8 128
11 8 128
12 8 128
13 8 128
14 8 128
15 8 128
16 8 128
17 8 128
18 8 128
19 8 128
20 8 128
21 8 128
22 8 128
23 8 128
24 8 128
25 8 128
26 8 128
27 8 128
28 8 128
29 8 128
30 8 128
31 8 128
32 8 128
33 8 128
34 8 128
35 8 128
36 8 128
37 8 128
38 8 128
39 8 128
40 8 128
41 8 128
42 8 128
43 8 128
44 8 128
45 8 128
46 8 128
47 8 128
48 8 128
49 8 128
50 8 20000
0 9 128
1 9 128
2 9 128
3 9 128
4 9 128
5 9 128
6 9 128
7 9 128
8 9 128
9 9 128
10 9 128
11 9 128
12 9 128
13 9 128
14 9 128
15 9 128
16 9 128
17 9 128
18 9 128
19 9 128
20 9 128
21 9 128
22 9 128
23 9 128
24 9 128
25 9 128
26 9 128
27 9 128
28 9 128
29 9 128
30 9 128
31 9 128
32 9 128
33 9 128
34 9 128
35 9 128
36 9 128
37 9 128
38 9 128
39 9 128
40 9 128
41 9 128
42 9 128
43 9 128
44 9 128
45 9 128
46 9 128
47 9 128
48 9 128
49 9 128
50 9 20000
0 10 128
1 10 128
2 10 128
3 10 128
4 10 128
5 10 128
6 10 128
7 10 128
8 10 128
9 10 128
10 10 128
11 10 128
12 10 128
13 10 128
14 10 128
15 10 128
16 10 128
17 10 128
18 10 128
19 10 128
20 10 128
21 10 128
22 10 128
23 10 128
24 10 128
25 10 128
26 10 128
27 10 128
28 10 128
29 10 128
30 10 128
31 10 128
32 10 128
33 10 128
34 10 128
35 10 128
36 10 128
37 10 128
38 10 128
39 10 128
40 10 128
41 10 128
42 10 128
43 10 128
44 10 128
45 10 128
46 10 128
47 10 128
48 10 20000
49 10 20000
50 10 20000
0 11 128
1 11 128
2 11 128
3 11 128
4 11 128
5 11 128
6 11 128
7 11 128
8 11 128
9 11 128
10 11 128
11 11 128
12 11 128
13 11 128
14 11 128
15 11 128
16 11 128
17 11 128
18 11 128
19 11 128
20 11 128
21 11 128
22 11 128
23 11 128
24 11 128
25 11 128
26 11 128
27 11 128
28 11 128
29 11 128
30 11 128
31 11 128
32 11 128
33 11 128
34 11 128
35 11 128
36 11 128
37 11 128
38 11 128
39 11 128
40 11 128
41 11 128
42 11 128
43 11 128
44 11 128
45 11 128
46 11 128
47 11 128
48 11 128
49 11 128
50 11 20000
0 12 128
1 12 128
2 12 128
3 12 128
4 12 128
5 12 128
6 12 128
7 12 128
8 12 128
9 12 128
10 12 128
11 12 128
12 12 128
13 12 128
14 12 128
15 12 128
16 12 128
17 12 128
18 12 128
19 12 128
20 12 128
21 12 128
22 12 128
23 12 128
24 12 128
25 12 128
26 12 128
27 12 128
28 12 128
29 12 128
30 12 128
31 12 128
32 12 128
33 12 128
34 12 128
35 12 128
36 12 128
37 12 128
38 12 128
39 12 128
40 12 128
41 12 128
42 12 128
43 12 128
44 12 128
45 12 128
46 12 128
47 12 128
48 12 128
49 12 128
50 12 128
0 13 128
1 13 128
2 13 128
3 13 128
4 13 128
5 13 128
6 13 128
7 13 128
8 13 128
9 13 128
10 13 128
11 13 128
12 13 128
13 13 128
14 13 128
15 13 128
16 13 128
17 13 128
18 13 128
19 13 128
20 13 128
21 13 128
22 13 128
23 13 128
24 13 128
25 13 128
26 13 128
27 13 128
28 13 128
29 13 128
30 13 128
31 13 128
32 13 128
33 13 128
34 13 128
35 13 128
36 13 128
37 13 128
38 13 128
39 13 128
40 13 128
41 13 128
42 13 128
43 13 128
44 13 128
45 13 128
46 13 128
47 13 128
48 13 128
49 13 20000
50 13 20000
0 14 128
1 14 128
2 14 128
3 14 128
4 14 128
5 14 128
6 14 128
7 14 128
8 14 128
9 14 128
10 14 128
11 14 128
12 14 128
13 14 128
14 14 128
15 14 128
16 14 128
17 14 128
18 14 128
19 14 128
20 14 128
21 14 128
22 14 128
23 14 128
24 14 128
25 14 128
26 14 128
27 14 128
28 14 128
29 14 128
30 14 128
31 14 128
32 14 128
33 14 128
34 14 128
35 14 128
36 14 128
37 14 128
38 14 128
39 14 128
40 14 128
41 14 128
42 14 128
43 14 128
44 14 128
45 14 128
46 14 128
47 14 128
48 14 128
49 14 128
50 14 128
0 15 128
1 15 128
2 15 128
3 15 128
4 15 128
5 15 128
6 15 128
7 15 128
8 15 128
9 15 128
10 15 128
11 15 128
12 15 128
13 15 128
14 15 128
15 15 128
16 15 128
17 15 128
18 15 128
19 15 128
20 15 128
21 15 128
22 15 128
23 15 128
24 15 128
25 15 128
26 15 128
27 15 128
28 15 128
29 15 128
30 15 128
31 15 128
32 15 128
33 15 128
34 15 128
35 15 128
36 15 128
37 15 128
38 15 128
39 15 128
40 15 128
41 15 128
42 15 128
43 15 128
44 15 128
45 15 128
46 15 128
47 15 128
48 15 128
49 15 128
50 15 128
0 16 128
1 16 128
2 16 128
3 16 128
4 16 128
5 16 128
6 16 128
7 16 128
8 16 128
9 16 128
10 16 128
11 16 128
12 16 128
13 16 128
14 16 128
15 16 128
16 16 128
17 16 128
18 16 128
19 16 128
20 16 128
21 16 128
22 16 128
23 16 128
24 16 128
25 16 128
26 16 128
27 16 128
28 16 128
29 16 128
30 16 128
31 16 128
32 16 128
33 16 128
34 16 128
35 16 128
36 16 128
37 16 128
38 16 128
39 16 128
40 16 128
41 16 128
42 16 128
43 16 128
44 16 128
45 16 128
46 16 128
47 16 128
48 16 128
49 16 128
50 16 20000
0 17 128
1 17 128
2 17 128
3 17 128
4 17 128
5 17 128
6 17 128
7 17 128
8 17 128
9 17 128
10 17 128
11 17 128
12 17 128
13 17 128
14 17 128
15 17 128
16 17 128
17 17 128
18 17 128
19 17 128
20 17 128
21 17 128
22 17 128
23 17 128
24 17 128
25 17 128
26 17 128
27 17 128
28 17 128
29 17 128
30 17 128
31 17 128
32 17 128
33 17 128
34 17 128
35 17 128
36 17 128
37 17 128
38 17 128
39 17 128
40 17 128
41 17 128
42 17 128
43 17 128
44 17 128
45 17 128
46 17 128
47 17 128
48 17 128
49 17 128
50 17 20000
0 18 128
1 18 128
2 18 128
3 18 128
4 18 128
5 18 128
6 18 128
7 18 128
8 18 128
9 18 128
10 18 128
11 18 128
12 18 128
13 18 128
14 18 128
15 18 128
16 18 128
17 18 128
18 18 128
19 18 128
20 18 128
21 18 128
22 18 128
23 18 128
24 18 128
25 18 128
26 18 128
27 18 128
28 18 128
29 18 128
30 18 128
31 18 128
32 18 128
33 18 128
34 18 128
35 18 128
36 18 128
37 18 128
38 18 128
39 18 128
40 18 128
41 18 128
42 18 128
43 18 128
44 18 128
45 18 128
46 18 128
47 18 128
48 18 20000
49 18 20000
50 18 20000
0 19 128
1 19 128
2 19 128
3 19 128
4 19 128
5 19 128
6 19 128
7 19 128
8 19 128
9 19 128
10 19 128
11 19 128
12 19 128
13 19 128
14 19 128
15 19 128
16 19 128
17 19 128
18 19 128
19 19 128
20 19 128
21 19 128
22 19 128
23 19 128
24 19 128
25 19 128
26 19 128
27 19 128
28 19 128
29 19 128
30 19 128
31 19 128
32 19 128
33 19 128
34 19 128
35 19 128
36 19 128
37 19 128
38 19 128
39 19 128
40 19 128
41 19 128
42 19 128
43 19 128
44 19 128
45 19 128
46 19 128
47 19 128
48 19 128
49 19 128
50 19 20000
0 20 128
1 20 128
2 20 128
3 20 128
4 20 128
5 20 128
6 20 128
7 20 128
8 20 128
9 20 128
10 20 128
11 20 128
12 20 128
13 20 128
14 20 128
15 20 128
16 20 128
17 20 128
18 20 128
19 20 128
20 20 128
21 20 128
22 20 128
23 20 128
24 20 128
25 20 128
26 20 128
27 20 128
28 20 128
29 20 128
30 20 128
31 20 128
32 20 128
33 20 128
34 20 128
35 20 128
36 20 128
37 20 128
38 20 128
39 20 128
40 20 128
41 20 128
42 20 128
43 20 128
44 20 128
45 20 128
46 20 128
47 20 128
48 20 128
49 20 128
50 20 128
0 21 128
1 21 128
2 21 128
3 21 128
4 21 128
5 21 128
6 21 128
7 21 128
8 21 128
9 21 128
10 21 128
11 21 128
12 21 128
13 21 128
14 21 128
15 21 128
16 21 128
17 21 128
18 21 128
19 21 128
20 21 128
21 21 128
22 21 128
23 21 128
24 21 128
25 21 128
26 21 128
27 21 128
28 21 128
29 21 128
30 21 128
31 21 128
32 21 128
33 21 128
34 21 128
35 21 128
36 21 128
37 21 128
38 21 128
39 21 128
40 21 128
41 21 128
42 21 128
43 21 128
44 21 128
45 21 128
46 21 128
47 21 128
48 21 128
49 21 20000
50 21 20000
0 22 128
1 22 128
2 22 128
3 22 128
4 22 128
5 22 128
6 22 128
7 22 128
8 22 128
9 22 128
10 22 128
11 22 128
12 22 128
13 22 128
14 22 128
15 22 128
16 22 128
17 22 128
18 22 128
19 22 128
20 22 128
21 22 128
22 22 128
23 22 128
24 22 128
25 22 128
26 22 128
27 22 128
28 22 128
29 22 128
30 22 128
31 22 128
32 22 128
33 22 128
34 22 128
35 22 128
36 22 128
37 22 128
38 22 128
39 22 128
40 22 128
41 22 128
42 22 128
43 22 128
44 22 128
45 22 128
46 22 128
47 22 128
48 22 128
49 22 128
50 22 128
0 23 128
1 23 128
2 23 128
3 23 128
4 23 128
5 23 128
6 23 128
7 23 128
8 23 128
9 23 128
10 23 128
11 23 128
12 23 128
13 23 128
14 23 128
15 23 128
16 23 128
17 23 128
18 23 128
19 23 128
20 23 128
21 23 128
22 23 128
23 23 128
24 23 128
25 23 128
26 23 128
27 23 128
28 23 128
29 23 128
30 23 128
31 23 128
32 23 128
33 23 128
34 23 128
35 23 128
36 23 128
37 23 128
38 23 128
39 23 128
40 23 128
41 23 128
42 23 128
43 23 128
44 23 128
45 23 128
46 23 128
47 23 128
48 23 128
49 23 128
50 23 128
0 24 128
1 24 128
2 24 128
3 24 128
4 24 128
5 24 128
6 24 128
7 24 128
8 24 128
9 24 128
10 24 128
11 24 128
12 24 128
13 24 128
14 24 128
15 24 128
16 24 128
17 24 128
18 24 128
19 24 128
20 24 128
21 24 128
22 24 128
23 24 128
24 24 128
25 24 128
26 24 128
27 24 128
28 24 128
29 24 128
30 24 128
31 24 128
32 24 128
33 24 128
34 24 128
35 24 128
36 24 128
37 24 128
38 24 128
39 24 128
40 24 128
41 24 128
42 24 128
43 24 128
44 24 128
45 24 128
46 24 128
47 24 128
48 24 128
49 24 128
50 24 20000
0 25 128
1 25 128
2 25 128
3 25 128
4 25 128
5 25 128
6 25 128
7 25 128
8 25 128
9 25 128
10 25 128
11 25 128
12 25 128
13 25 128
14 25 128
15 25 128
16 25 128
17 25 128
18 25 128
19 25 128
20 25 128
21 25 128
22 25 128
23 25 128
24 25 128
25 25 128
26 25 128
27 25 128
28 25 128
29 25 128
30 25 128
31 25 128
32 25 128
33 25 128
34 25 128
35 25 128
36 25 128
37 25 128
38 25 128
39 25 128
40 25 128
41 25 128
42 25 128
43 25 128
44 25 128
45 25 128
46 25 128
47 25 128
48 25 128
49 25 128
50 25 20000
0 26 128
1 26 128
2 26 128
3 26 128
4 26 128
5 26 128
6 26 128
7 26 128
8 26 128
9 26 128
10 26 128
11 26 128
12 26 128
13 26 128
14 26 128
15 26 128
16 26 128
17 26 128
18 26 128
19 26 128
20 26 128
21 26 128
22 26 128
23 26 128
24 26 128
25 26 128
26 26 128
27 26 128
28 26 128
29 26 128
30 26 128
31 26 128
32 26 128
33 26 128
34 26 128
35 26 128
36 26 128
37 26 128
38 26 128
39 26 128
40 26 128
41 26 128
42 26 128
43 26 128
44 26 128
45 26 128
46 26 128
47 26 128
48 26 20000
49 26 20000
50 26 20000
0 27 128
1 27 128
2 27 128
3 27 128
4 27 128
5 27 128
6 27 128
7 27 128
8 27 128
9 27 128
10 27 128
11 27 128
12 27 128
13 27 128
14 27 128
15 27 128
16 27 128
17 27 128
18 27 128
19 27 128
20 27 128
21 27 128
22 27 128
23 27 128
24 27 128
25 27 128
26 27 128
27 27 128
28 27 128
29 27 128
30 27 128
31 27 128
32 27 128
33 27 128
34 27 128
35 27 128
36 27 128
37 27 128
38 27 128
39 27 128
40 27 128
41 27 128
42 27 128
43 27 128
44 27 128
45 27 128
46 27 128
47 27 128
48 27 128
49 27 128
50 27 20000
0 28 128
1 28 128
2 28 128
3 28 128
4 28 128
5 28 128
6 28 128
7 28 128
8 28 128
9 28 128
10 28 128
11 28 128
12 28 128
13 28 128
14 28 128
15 28 128
16 28 128
17 28 128
18 28 128
19 28 128
20 28 128
21 28 128
22 28 128
23 28 128
24 28 128
25 28 128
26 28 128
27 28 128
28 28 128
29 28 128
30 28 128
31 28 128
32 28 128
33 28 128
34 28 128
35 28 128
36 28 128
37 28 128
38 28 128
39 28 128
40 28 128
41 28 128
42 28 128
43 28 128
44 28 128
45 28 128
46 28 128
47 28 128
48 28 128
49 28 128
50 28 128
0 29 128
1 29 128
2 29 128
3 29 128
4 29 128
5 29 128
6 29 128
7 29 128
8 29 128
9 29 128
10 29 128
11 29 128
12 29 128
13 29 128
14 29 128
15 29 128
16 29 128
17 29 128
18 29 128
19 29 128
20 29 128
21 29 128
22 29 128
23 29 128
24 29 128
25 29 128
26 29 128
27 29 128
28 29 128
29 29 128
30 29 128
31 29 128
32 29 128
33 29 128
34 29 128
35 29 128
36 29 128
37 29 128
38 29 128
39 29 128
40 29 128
41 29 128
42 29 128
43 29 128
44 29 128
45 29 128
46 29 128
47 29 128
48 29 128
49 29 20000
50 29 20000
0 30 128
1 30 128
2 30 128
3 30 128
4 30 128
5 30 128
6 30 128
7 30 128
8 30 128
9 30 128
10 30 128
11 30 128
12 30 128
13 30 128
14 30 128
15 30 128
16 30 128
17 30 128
18 30 128
19 30 128
20 30 128
21 30 128
22 30 128
23 30 128
24 30 128
25 30 128
26 30 128
27 30 128
28 30 128
29 30 128
30 30 128
31 30 128
32 30 128
33 30 128
34 30 128
35 30 128
36 30 128
37 30 128
38 30 128
39 30 128
40 30 128
41 30 128
42 30 128
43 30 128
44 30 128
45 30 128
46 30 128
47 30 128
48 30 128
49 30 128
50 30 128
0 31 128
1 31 128
2 31 128
3 31 128
4 31 128
5 31 128
6 31 128
7 31 128
8 31 128
9 31 128
10 31 128
11 31 128
12 31 128
13 31 128
14 31 128
15 31 128
16 31 128
17 31 128
18 31 128
19 31 128
20 31 128
21 31 128
22 31 128
23 31 128
24 31 128
25 31 128
26 31 128
27 31 20000
28 31 20000
29 31 20000
30 31 20000
31 31 20000
32 31 20000
33 31 20000
34 31 20000
35 31 20000
36 31 20000
37 31 20000
38 31 20000
39 31 20000
40 31 20000
41 31 20000
42 31 20000
43 31 20000
44 31 20000
45 31 20000
46 31 20000
47 31 20000
48 31 20000
49 31 20000
50 31 20000